0 0.082125 0.528000 0.163750 0.268667
0 0.157125 0.357500 0.192750 0.080333
0 0.263750 0.695667 0.168500 0.498667
0 0.414875 0.599000 0.180750 0.475333
0 0.569625 0.594000 0.188750 0.405333
0 0.131125 0.169333 0.203250 0.274000
0 0.453500 0.228000 0.143500 0.236667
0 0.300375 0.084500 0.137250 0.168333
0 0.385875 0.066833 0.117750 0.133000
0 0.530125 0.170000 0.190250 0.339333
0 0.690625 0.121000 0.209750 0.235333
2 0.204750 0.353667 0.025000 0.068667
2 0.083875 0.604167 0.052250 0.071000
2 0.151250 0.195667 0.050000 0.094667
2 0.285750 0.602667 0.035500 0.093333
2 0.434250 0.522500 0.050000 0.097000
2 0.532250 0.453667 0.065500 0.075333
2 0.569750 0.261333 0.058000 0.066667
2 0.409625 0.192333 0.050750 0.077333
2 0.318125 0.080667 0.051750 0.068667
1 0.148000 0.352000 0.034000 0.052667
1 0.297125 0.027833 0.022750 0.041000
