0 0.193500 0.621000 0.213500 0.338667
0 0.299250 0.365500 0.175000 0.225667
0 0.340750 0.575667 0.135500 0.175333
0 0.242250 0.911333 0.166000 0.177333
0 0.456750 0.899500 0.193500 0.201000
0 0.599875 0.909167 0.150750 0.181667
0 0.797125 0.740333 0.167750 0.345333
0 0.650375 0.738667 0.125750 0.230000
0 0.710875 0.510167 0.272750 0.145000
0 0.647625 0.345667 0.200750 0.196667
0 0.531000 0.230167 0.234000 0.159000
0 0.484250 0.422667 0.187000 0.191333
0 0.483000 0.723667 0.165500 0.154667
2 0.654000 0.665000 0.049000 0.098000
