0 0.238750 0.672000 0.268500 0.193333
0 0.215375 0.931667 0.263750 0.136667
0 0.307625 0.805833 0.227250 0.121667
0 0.392000 0.509667 0.189500 0.193333
0 0.430625 0.422000 0.283250 0.280667
0 0.679500 0.490833 0.243500 0.315000
0 0.816125 0.329500 0.316750 0.371000
0 0.458875 0.918333 0.199250 0.163333
0 0.606875 0.846167 0.216250 0.307667
0 0.774250 0.841833 0.239500 0.290333
2 0.265250 0.688667 0.055500 0.091333
2 0.354750 0.792000 0.039500 0.052667
2 0.548375 0.590333 0.052250 0.073333
2 0.430500 0.535000 0.039500 0.070000
2 0.335875 0.355333 0.040250 0.072000
2 0.746000 0.593500 0.062000 0.081667
2 0.732625 0.222500 0.058250 0.071000
2 0.737875 0.748500 0.071750 0.062333
2 0.640375 0.838667 0.065250 0.101333
2 0.487875 0.957500 0.057250 0.085000
1 0.396750 0.506333 0.026500 0.038667
1 0.290375 0.809667 0.042750 0.054000
