0 0.053125 0.480167 0.105750 0.392333
0 0.191875 0.532167 0.144250 0.413000
0 0.316125 0.603167 0.141250 0.217000
0 0.474500 0.393000 0.142000 0.222667
0 0.371750 0.327333 0.149000 0.377333
0 0.253625 0.882833 0.151750 0.232333
0 0.424500 0.848333 0.201500 0.303333
0 0.616875 0.859667 0.228250 0.280667
0 0.716875 0.426833 0.257250 0.275000
0 0.854750 0.720500 0.188000 0.234333
0 0.697500 0.618167 0.259000 0.107667
2 0.026875 0.322667 0.053250 0.056000
2 0.166500 0.664500 0.072500 0.053667
2 0.349125 0.556833 0.050750 0.090333
2 0.465250 0.209667 0.081500 0.068667
2 0.444375 0.435000 0.063750 0.050667
2 0.678125 0.470333 0.079750 0.108667
2 0.641875 0.624167 0.037750 0.061000
2 0.829750 0.791833 0.060500 0.078333
2 0.245875 0.811833 0.084750 0.055667
2 0.381375 0.838167 0.042750 0.093667
2 0.581500 0.854833 0.046000 0.079667
1 0.710000 0.597833 0.051500 0.051667
1 0.471375 0.379500 0.027250 0.036333
