0 0.129375 0.884333 0.208250 0.231333
0 0.223000 0.742500 0.206500 0.115000
0 0.188250 0.539333 0.221000 0.261333
0 0.323750 0.902167 0.147000 0.195667
0 0.465000 0.859667 0.164500 0.280667
0 0.620125 0.875333 0.170250 0.249333
0 0.351500 0.423167 0.154000 0.257000
0 0.410000 0.336000 0.187000 0.366667
0 0.515250 0.607500 0.139500 0.239000
0 0.591875 0.501000 0.216750 0.417333
0 0.752875 0.359000 0.240250 0.466667
2 0.150000 0.978000 0.052500 0.042000
2 0.212500 0.578000 0.050000 0.100000
2 0.268500 0.735333 0.038000 0.058000
2 0.353125 0.966667 0.042750 0.066667
2 0.385125 0.454833 0.046750 0.055667
2 0.640625 0.638667 0.069250 0.073333
2 0.333000 0.205833 0.060500 0.078333
2 0.702375 0.206333 0.058750 0.068667
2 0.477000 0.569333 0.051500 0.068000
2 0.597875 0.836500 0.082250 0.064333
2 0.502375 0.897333 0.045750 0.108667
1 0.208750 0.729500 0.033000 0.048333
1 0.361250 0.413500 0.012000 0.046333
