0 0.277500 0.476333 0.410500 0.322667
0 0.272500 0.152333 0.175000 0.304000
0 0.455125 0.194000 0.196750 0.291333
0 0.553250 0.105500 0.118500 0.210333
0 0.762875 0.198333 0.110250 0.300000
0 0.856375 0.226833 0.113750 0.404333
0 0.455625 0.718167 0.281250 0.299000
0 0.612875 0.844500 0.281250 0.293667
0 0.881875 0.583833 0.209750 0.432333
0 0.749125 0.512333 0.150750 0.265333
2 0.386750 0.499333 0.079000 0.089333
2 0.234250 0.215500 0.059500 0.074333
2 0.488750 0.245667 0.067000 0.065333
2 0.555625 0.080667 0.083250 0.073333
2 0.756875 0.249833 0.054750 0.057000
2 0.887500 0.047833 0.077500 0.072333
2 0.824250 0.701500 0.068500 0.078333
2 0.667750 0.756333 0.089500 0.098000
2 0.550875 0.657500 0.078250 0.078333
2 0.752375 0.443500 0.070250 0.097667
1 0.446375 0.166000 0.048250 0.061333
1 0.771375 0.191833 0.032250 0.046333
