0 0.195875 0.665000 0.258750 0.388000
0 0.053125 0.435000 0.105750 0.224667
0 0.174500 0.362333 0.258000 0.172000
0 0.187875 0.203167 0.247750 0.260333
0 0.453250 0.201500 0.152500 0.229000
0 0.543500 0.172000 0.186500 0.316000
0 0.595125 0.423000 0.145750 0.184000
0 0.417250 0.646833 0.200000 0.429000
0 0.606000 0.739833 0.161500 0.311667
0 0.713750 0.394000 0.167000 0.336667
0 0.909625 0.365667 0.170250 0.372000
2 0.616125 0.637667 0.083250 0.058000
2 0.262000 0.610667 0.047500 0.084000
2 0.024125 0.493500 0.047750 0.045000
2 0.243125 0.384333 0.045250 0.072000
2 0.227375 0.239167 0.083250 0.065667
2 0.480625 0.247833 0.073250 0.031000
2 0.500375 0.043000 0.069250 0.032000
2 0.728125 0.517667 0.078250 0.044000
2 0.942750 0.234833 0.081500 0.039667
2 0.475375 0.635000 0.030750 0.082667
2 0.554000 0.380500 0.065500 0.062333
1 0.171375 0.352667 0.048250 0.040667
1 0.460875 0.197333 0.030750 0.033333
