0 0.182250 0.450500 0.225000 0.277667
0 0.040375 0.696167 0.078250 0.257000
0 0.149500 0.644500 0.222500 0.192333
0 0.368125 0.456500 0.124250 0.248333
0 0.443125 0.411833 0.158250 0.331000
0 0.480625 0.681167 0.121750 0.188333
0 0.182250 0.867167 0.176500 0.265667
0 0.358500 0.868333 0.137000 0.263333
0 0.500750 0.930167 0.133000 0.139667
0 0.580625 0.661667 0.136250 0.366667
0 0.767375 0.641333 0.190250 0.412000
2 0.183750 0.493500 0.067000 0.064333
2 0.196750 0.645167 0.041000 0.062333
2 0.018125 0.773000 0.030750 0.047333
2 0.218125 0.893500 0.041750 0.094333
2 0.385875 0.913333 0.041750 0.108667
2 0.503625 0.911333 0.069250 0.061333
2 0.449125 0.648833 0.042750 0.067667
2 0.761250 0.479500 0.065500 0.043000
2 0.401125 0.281667 0.067750 0.036667
2 0.381500 0.495667 0.047500 0.034667
2 0.587125 0.787000 0.058750 0.038667
1 0.370125 0.445000 0.026750 0.028000
1 0.137125 0.614500 0.036250 0.048333
