0 0.276250 0.632667 0.208000 0.414000
0 0.290250 0.309167 0.176500 0.173000
0 0.317750 0.109500 0.170000 0.204333
0 0.475375 0.340833 0.132250 0.239000
0 0.492250 0.641500 0.114500 0.351667
0 0.680625 0.565667 0.150750 0.275333
0 0.649625 0.777333 0.211250 0.305333
0 0.779750 0.403667 0.196000 0.089333
0 0.618500 0.123333 0.117000 0.246000
0 0.779000 0.194000 0.141000 0.278667
0 0.884250 0.541833 0.206500 0.311667
0 0.910500 0.183500 0.176500 0.366333
0 0.876125 0.851000 0.232250 0.298000
2 0.348750 0.111167 0.059500 0.057000
2 0.520125 0.296667 0.050750 0.084000
2 0.217250 0.661333 0.029000 0.064667
2 0.505125 0.517833 0.059750 0.065667
2 0.729375 0.401500 0.032250 0.067667
2 0.752375 0.243500 0.068750 0.095667
2 0.589875 0.167167 0.041750 0.063667
2 0.597125 0.827833 0.053250 0.053667
2 0.845500 0.567167 0.048500 0.078333
2 0.679375 0.536500 0.051750 0.051667
2 0.981500 0.174167 0.033000 0.081667
2 0.975375 0.544000 0.045250 0.077333
2 0.890625 0.968333 0.032250 0.063333
2 0.491125 0.145167 0.033250 0.049667
1 0.610000 0.112333 0.013000 0.037333
1 0.785875 0.388167 0.037250 0.049667
