0 0.117625 0.671500 0.171750 0.263667
0 0.237375 0.399500 0.225750 0.257000
0 0.235000 0.578500 0.264500 0.144333
0 0.422875 0.372000 0.145250 0.260000
0 0.483750 0.320333 0.168500 0.333333
0 0.287875 0.837667 0.179750 0.324667
0 0.444250 0.827333 0.147500 0.345333
0 0.589875 0.880167 0.143750 0.239667
0 0.645125 0.535000 0.155750 0.386000
0 0.824625 0.479000 0.225750 0.405333
0 0.550375 0.584500 0.141750 0.199000
2 0.513625 0.546667 0.041250 0.072000
2 0.123750 0.753167 0.055000 0.059000
2 0.281875 0.590833 0.033750 0.063667
2 0.256375 0.442333 0.076750 0.100000
2 0.438250 0.405833 0.055000 0.059000
2 0.440375 0.189167 0.057250 0.043000
2 0.785500 0.326333 0.059000 0.052667
2 0.587125 0.811833 0.065250 0.062333
2 0.325375 0.835500 0.040250 0.097000
2 0.478625 0.822000 0.037250 0.087333
2 0.656375 0.664000 0.063750 0.044000
1 0.223750 0.565500 0.034000 0.051667
