0 0.304000 0.582667 0.249000 0.372000
0 0.121250 0.206333 0.185500 0.382667
0 0.263625 0.219833 0.158750 0.225000
0 0.470500 0.470333 0.284000 0.452667
0 0.724125 0.421500 0.365250 0.462333
0 0.854000 0.129667 0.138000 0.258667
0 0.670875 0.087667 0.249250 0.166667
0 0.250750 0.059667 0.123500 0.108667
0 0.349125 0.038833 0.105750 0.077000
2 0.273000 0.473167 0.100000 0.071000
2 0.422125 0.436500 0.072750 0.092333
2 0.141500 0.352167 0.084000 0.050333
2 0.296750 0.158667 0.052500 0.070000
2 0.613750 0.100500 0.054000 0.059000
2 0.867375 0.192500 0.061250 0.064333
2 0.629000 0.369333 0.076500 0.091333
1 0.678250 0.050000 0.047500 0.050667
