0 0.128125 0.444667 0.178250 0.261333
0 0.225750 0.320500 0.210500 0.127000
0 0.206875 0.134000 0.198250 0.267333
0 0.406000 0.089333 0.111500 0.178000
0 0.481000 0.079667 0.114500 0.158667
0 0.623375 0.174333 0.163750 0.348000
0 0.785000 0.135167 0.206500 0.269667
0 0.539125 0.254833 0.148250 0.230333
0 0.312125 0.658167 0.149250 0.462333
0 0.474125 0.573500 0.137750 0.467667
0 0.607625 0.592500 0.145250 0.367667
2 0.143875 0.535333 0.059750 0.066667
2 0.281000 0.318667 0.026000 0.061333
2 0.235750 0.166000 0.071000 0.110667
2 0.413625 0.092500 0.055750 0.062333
2 0.650375 0.300500 0.069250 0.055000
2 0.498375 0.209667 0.047750 0.075333
2 0.600375 0.472500 0.066250 0.048333
2 0.344250 0.568167 0.039500 0.095667
2 0.497500 0.517667 0.039500 0.093333
1 0.219250 0.306333 0.033000 0.049333
1 0.394375 0.038667 0.028250 0.030000
