0 0.098750 0.384833 0.156500 0.262333
0 0.232250 0.370333 0.201000 0.196667
0 0.158000 0.136667 0.315500 0.272667
0 0.301625 0.226333 0.149250 0.263333
0 0.239500 0.770833 0.241000 0.253667
0 0.044625 0.707000 0.088750 0.306667
0 0.457625 0.752667 0.167750 0.322667
0 0.559625 0.530667 0.155750 0.216000
0 0.502375 0.279500 0.099250 0.234333
0 0.637000 0.235500 0.231500 0.348333
0 0.814875 0.469333 0.166250 0.218000
0 0.780125 0.653833 0.174250 0.213000
0 0.706750 0.855333 0.213000 0.289333
0 0.287875 0.566667 0.197750 0.182667
2 0.311250 0.277833 0.065500 0.059000
2 0.107250 0.464000 0.067000 0.054667
2 0.282750 0.420500 0.050000 0.071000
2 0.093500 0.068667 0.059000 0.047333
2 0.510375 0.328500 0.057250 0.039667
2 0.774625 0.450000 0.045250 0.078667
2 0.287875 0.560667 0.058750 0.078667
2 0.276250 0.831167 0.063000 0.053667
2 0.475375 0.655833 0.074250 0.064333
2 0.534250 0.477833 0.040500 0.076333
2 0.725750 0.958500 0.023500 0.057000
1 0.504375 0.274167 0.025750 0.030333
1 0.227500 0.369833 0.039500 0.058333
