0 0.104000 0.497167 0.207500 0.446333
0 0.331000 0.571000 0.143500 0.421333
0 0.121000 0.138167 0.188000 0.201000
0 0.352375 0.226833 0.186250 0.290333
0 0.514500 0.087833 0.170000 0.175000
0 0.494750 0.787500 0.258000 0.373000
0 0.548000 0.549000 0.150000 0.330000
0 0.690375 0.387667 0.234750 0.130000
0 0.858750 0.626833 0.175000 0.211000
0 0.798000 0.519833 0.234000 0.173000
0 0.707625 0.161667 0.217750 0.291333
0 0.874625 0.209333 0.240250 0.418000
0 0.739500 0.861333 0.205500 0.277333
2 0.011625 0.514500 0.019250 0.063667
2 0.399125 0.198333 0.063750 0.084667
2 0.360000 0.431667 0.079000 0.087333
2 0.558750 0.515000 0.068500 0.049333
2 0.429000 0.809167 0.063500 0.074333
2 0.747875 0.603167 0.054750 0.081667
2 0.905625 0.617167 0.066750 0.081667
2 0.962500 0.202667 0.048500 0.091333
2 0.675375 0.209667 0.072750 0.107333
2 0.500000 0.069833 0.065500 0.088333
2 0.383000 0.015667 0.031500 0.030667
1 0.701250 0.380000 0.043500 0.063333
1 0.526125 0.020000 0.033750 0.039333
