0 0.278625 0.100667 0.324250 0.200667
0 0.105625 0.317667 0.199250 0.274000
0 0.117750 0.600500 0.197500 0.349667
0 0.294250 0.376167 0.146000 0.195667
0 0.442375 0.259167 0.167750 0.187000
0 0.708125 0.316000 0.128250 0.324667
0 0.597250 0.442500 0.114500 0.448333
0 0.295500 0.589167 0.222500 0.185000
0 0.763250 0.583333 0.222500 0.250667
0 0.907000 0.882833 0.186000 0.234333
0 0.729875 0.846833 0.207250 0.306333
0 0.496000 0.844000 0.289500 0.312000
2 0.460000 0.319333 0.063000 0.070667
2 0.164125 0.259667 0.066250 0.102000
2 0.395125 0.040000 0.045750 0.079333
2 0.209625 0.710667 0.041250 0.047333
2 0.489875 0.791833 0.043750 0.059000
2 0.378625 0.345667 0.075750 0.068000
2 0.516500 0.736000 0.085500 0.061333
2 0.378625 0.872000 0.054750 0.096667
