0 0.048750 0.520333 0.097000 0.440667
0 0.199125 0.497333 0.255750 0.280667
0 0.227375 0.705833 0.257250 0.106333
0 0.408750 0.341333 0.210500 0.293333
0 0.398750 0.831167 0.109500 0.309667
0 0.136250 0.844167 0.272000 0.195667
0 0.668125 0.824667 0.246750 0.340000
0 0.627750 0.523667 0.222500 0.256000
0 0.491125 0.217167 0.333250 0.283667
0 0.812875 0.233833 0.205750 0.216333
0 0.889500 0.428500 0.194500 0.181667
0 0.899375 0.741833 0.201250 0.376333
2 0.245500 0.542833 0.071000 0.109667
2 0.452000 0.395000 0.056500 0.072000
2 0.568500 0.504833 0.060500 0.078333
2 0.627000 0.719833 0.092000 0.065667
2 0.767375 0.244500 0.059750 0.059000
2 0.173375 0.907500 0.057250 0.090333
2 0.306875 0.688667 0.048250 0.072000
2 0.580125 0.330500 0.032250 0.046333
1 0.414125 0.339833 0.032250 0.041000
1 0.227375 0.696667 0.042750 0.047333
2 0.397125 0.808667 0.075750 0.058000
