0 0.151625 0.621500 0.276750 0.107667
0 0.135125 0.468333 0.259750 0.235333
0 0.355625 0.409167 0.168750 0.207667
0 0.058375 0.727500 0.116250 0.181667
0 0.250375 0.840833 0.174250 0.318333
0 0.445125 0.821500 0.189750 0.357000
0 0.624500 0.850000 0.187000 0.289333
0 0.538250 0.567167 0.174000 0.177667
0 0.652500 0.502000 0.210500 0.324667
0 0.865750 0.449333 0.250000 0.372000
1 0.129000 0.606500 0.051000 0.043000
1 0.358500 0.397833 0.035500 0.032333
2 0.619250 0.749500 0.081500 0.043000
2 0.482625 0.783833 0.045250 0.081667
2 0.201250 0.614000 0.042000 0.056000
2 0.024125 0.780000 0.047750 0.063333
2 0.282250 0.817833 0.039500 0.076333
2 0.820125 0.309167 0.078250 0.055000
2 0.354000 0.241833 0.078000 0.064333
2 0.493500 0.540167 0.059000 0.065667
2 0.690250 0.619333 0.091000 0.051333
2 0.382250 0.437500 0.070000 0.034333
