0 0.087875 0.711333 0.168750 0.463333
0 0.207250 0.349833 0.102500 0.448333
0 0.299875 0.385000 0.092750 0.344000
0 0.533875 0.286500 0.142750 0.383667
0 0.592000 0.557500 0.225000 0.211667
0 0.779375 0.547833 0.145250 0.362333
0 0.404750 0.873167 0.226500 0.253667
0 0.637875 0.832833 0.378250 0.334333
0 0.227750 0.712333 0.169500 0.242000
2 0.785000 0.660167 0.064500 0.071000
2 0.241500 0.647833 0.055000 0.087000
2 0.100000 0.881167 0.089500 0.059000
2 0.291500 0.442333 0.061500 0.061333
2 0.224875 0.175333 0.078250 0.066667
2 0.524625 0.359500 0.095250 0.104333
2 0.540750 0.565500 0.056500 0.079667
2 0.560750 0.875833 0.079000 0.102333
2 0.364500 0.957000 0.062000 0.086000
2 0.238625 0.979667 0.071750 0.038667
