0 0.076125 0.796667 0.151750 0.249333
0 0.237875 0.529500 0.231250 0.269667
0 0.327750 0.274667 0.114500 0.330000
0 0.417750 0.438167 0.125000 0.425000
0 0.226500 0.825167 0.202500 0.315000
0 0.446375 0.864500 0.262750 0.189000
0 0.664375 0.711333 0.192750 0.254667
0 0.599500 0.311833 0.158000 0.169667
0 0.856875 0.676167 0.195250 0.176333
0 0.888625 0.484833 0.200750 0.346333
0 0.782125 0.180000 0.307250 0.330000
0 0.715250 0.467667 0.139500 0.247333
2 0.560500 0.355333 0.075000 0.042000
2 0.674625 0.088667 0.054750 0.093333
2 0.849125 0.389167 0.071750 0.099000
2 0.430250 0.755833 0.080500 0.069000
2 0.447125 0.816667 0.051750 0.033333
2 0.528500 0.941500 0.043500 0.085000
2 0.634750 0.415667 0.060500 0.089333
2 0.722125 0.832833 0.040250 0.055000
