0 0.135125 0.211833 0.161250 0.411000
0 0.317625 0.208167 0.121750 0.415667
0 0.421375 0.225167 0.117750 0.220333
0 0.417375 0.065667 0.088750 0.130667
0 0.496750 0.046333 0.075000 0.092000
0 0.447250 0.603833 0.185500 0.362333
0 0.578500 0.506500 0.243500 0.471000
0 0.774500 0.455833 0.301500 0.423667
0 0.901125 0.145333 0.117750 0.290000
0 0.750375 0.121500 0.193750 0.202333
2 0.119750 0.045667 0.059500 0.042000
2 0.325375 0.356500 0.066250 0.055000
2 0.424125 0.483833 0.086250 0.069000
2 0.449625 0.175333 0.046750 0.075333
2 0.535500 0.454833 0.046000 0.097000
2 0.701625 0.403833 0.058750 0.085000
2 0.897125 0.241833 0.054750 0.053667
2 0.700375 0.131167 0.043750 0.064333
2 0.496750 0.012000 0.051000 0.023333
1 0.750250 0.084500 0.050000 0.067667
