0 0.075750 0.250500 0.151000 0.453667
0 0.239375 0.229000 0.257250 0.298667
0 0.087000 0.666667 0.173500 0.208667
0 0.145625 0.575167 0.275750 0.245000
0 0.258500 0.444000 0.263000 0.105333
0 0.417000 0.597833 0.118500 0.329000
0 0.487000 0.826333 0.304000 0.340667
0 0.212875 0.898333 0.271750 0.203333
0 0.659250 0.296833 0.213000 0.262333
0 0.899500 0.212333 0.192000 0.190000
0 0.826250 0.059833 0.206500 0.119000
0 0.454750 0.116333 0.204000 0.232000
0 0.685875 0.628000 0.216250 0.378667
0 0.910250 0.537667 0.179500 0.391333
2 0.281000 0.280000 0.080500 0.117333
2 0.198375 0.649833 0.044250 0.085000
2 0.028125 0.669333 0.055750 0.089333
2 0.489125 0.145167 0.062750 0.090333
2 0.795500 0.029167 0.063000 0.057667
2 0.596250 0.264500 0.071000 0.088333
2 0.643500 0.489833 0.105500 0.074333
2 0.418500 0.565667 0.075000 0.075333
2 0.333000 0.437667 0.046000 0.068667
2 0.566125 0.849833 0.078250 0.057000
1 0.253500 0.436500 0.043500 0.045000
1 0.453500 0.089167 0.029000 0.034333
