0 0.202000 0.473667 0.243500 0.317333
0 0.067750 0.687167 0.130000 0.279667
0 0.203125 0.907000 0.392750 0.186000
0 0.437875 0.327833 0.291250 0.234333
0 0.395875 0.589667 0.244250 0.289333
0 0.535500 0.910167 0.231500 0.179667
0 0.687875 0.602667 0.223250 0.212000
0 0.543125 0.709667 0.125750 0.314000
0 0.646000 0.586500 0.125000 0.341000
0 0.892125 0.626333 0.215750 0.358000
0 0.892375 0.896167 0.167750 0.207667
0 0.718875 0.831667 0.095250 0.265333
2 0.243125 0.887667 0.058250 0.044000
2 0.624125 0.612833 0.065250 0.064333
2 0.887125 0.497833 0.092750 0.062333
2 0.664500 0.710833 0.051000 0.101000
2 0.897125 0.881667 0.054750 0.118000
