0 0.131000 0.578000 0.235500 0.175333
0 0.177375 0.361667 0.205750 0.194667
0 0.485125 0.255333 0.359750 0.259333
0 0.390250 0.605333 0.202500 0.234667
0 0.579750 0.420000 0.167000 0.272000
0 0.787000 0.524167 0.238000 0.293667
0 0.925125 0.511167 0.149750 0.390333
0 0.386250 0.876333 0.220000 0.247333
0 0.129000 0.845667 0.231500 0.304000
0 0.634250 0.853667 0.169500 0.264667
0 0.774500 0.703167 0.263000 0.097000
0 0.882625 0.844667 0.225750 0.194667
2 0.221750 0.381167 0.063500 0.055000
2 0.441500 0.580000 0.064500 0.098000
2 0.018875 0.913333 0.037250 0.052667
2 0.534625 0.452167 0.063750 0.083000
2 0.749250 0.551000 0.075000 0.093333
2 0.854375 0.880667 0.051750 0.077333
2 0.404875 0.796667 0.094250 0.066667
2 0.631375 0.838167 0.076750 0.065667
1 0.785875 0.696167 0.040250 0.055000
1 0.568125 0.405833 0.022750 0.046333
