0 0.079000 0.695667 0.157500 0.368000
0 0.208000 0.574667 0.215500 0.354000
0 0.294375 0.502667 0.173250 0.192667
0 0.210000 0.240833 0.172500 0.380333
0 0.290750 0.223667 0.122500 0.264667
0 0.445625 0.105500 0.096750 0.210333
0 0.554875 0.186500 0.142750 0.248333
0 0.688750 0.150500 0.146000 0.277667
0 0.444000 0.813500 0.222500 0.332333
0 0.530625 0.625667 0.299250 0.428000
0 0.685125 0.491833 0.390250 0.362333
2 0.250375 0.693500 0.069250 0.083667
2 0.304000 0.448333 0.067000 0.077333
2 0.178250 0.094000 0.060500 0.044000
2 0.288750 0.269333 0.062000 0.048667
2 0.455250 0.102167 0.066000 0.071000
2 0.509250 0.250500 0.053000 0.064333
2 0.721000 0.211667 0.052500 0.047333
2 0.379375 0.733833 0.069250 0.106333
2 0.467375 0.630667 0.059750 0.098000
2 0.598375 0.481167 0.062250 0.085000
1 0.542750 0.177833 0.041000 0.057000
1 0.277000 0.217167 0.026000 0.023667
