0 0.156875 0.306833 0.182250 0.190333
0 0.094250 0.602167 0.181500 0.346333
0 0.251500 0.131667 0.197500 0.173333
0 0.371750 0.462833 0.196000 0.244333
0 0.297125 0.771000 0.188750 0.374000
0 0.598375 0.324167 0.208750 0.222333
0 0.548375 0.157500 0.358750 0.222333
0 0.538375 0.836500 0.138750 0.318333
0 0.712750 0.741500 0.225000 0.181667
0 0.918375 0.598833 0.163250 0.488333
0 0.753625 0.537000 0.251750 0.252667
2 0.290250 0.166167 0.055500 0.055000
2 0.433500 0.458000 0.072500 0.084000
2 0.349125 0.670333 0.078250 0.110667
2 0.639000 0.700000 0.042000 0.088000
2 0.719000 0.567667 0.079000 0.105333
2 0.549500 0.366667 0.056500 0.088000
2 0.729375 0.953833 0.041750 0.081667
1 0.714500 0.730500 0.046000 0.065667
1 0.592000 0.333833 0.031500 0.050333
