0 0.083000 0.526333 0.165500 0.401333
0 0.170125 0.496167 0.170250 0.209667
0 0.204750 0.223667 0.117000 0.260000
0 0.118125 0.214500 0.145250 0.381667
0 0.418500 0.127000 0.110500 0.253333
0 0.523000 0.272000 0.184000 0.221333
0 0.680250 0.247333 0.142000 0.303333
0 0.293500 0.834333 0.241000 0.312000
0 0.424500 0.698833 0.314500 0.432333
0 0.605250 0.588667 0.372500 0.392667
2 0.094750 0.660667 0.074000 0.050667
2 0.188375 0.440333 0.061250 0.089333
2 0.206750 0.267167 0.064500 0.037667
2 0.109625 0.059167 0.070250 0.049667
2 0.422875 0.148333 0.074250 0.066667
2 0.463250 0.310167 0.058000 0.063667
2 0.710125 0.330167 0.061250 0.053667
2 0.229000 0.731667 0.094500 0.084667
2 0.356000 0.668333 0.076000 0.089333
2 0.525750 0.547333 0.068500 0.086000
1 0.206000 0.211333 0.029000 0.031333
1 0.514875 0.245667 0.043750 0.052667
