0 0.274125 0.259167 0.208750 0.243000
0 0.149250 0.515000 0.183000 0.251333
0 0.275750 0.419833 0.210500 0.123667
0 0.339875 0.701500 0.179250 0.388333
0 0.515375 0.676333 0.157250 0.402000
0 0.476625 0.220500 0.144250 0.251667
0 0.533000 0.162333 0.189500 0.307333
0 0.610125 0.404833 0.140250 0.171000
0 0.702875 0.346667 0.159750 0.356000
0 0.880000 0.297333 0.240000 0.392667
0 0.669250 0.725833 0.154000 0.318333
2 0.157750 0.583333 0.050000 0.054667
2 0.324625 0.426833 0.033750 0.049667
2 0.291500 0.282833 0.066000 0.060333
2 0.487500 0.245667 0.058000 0.042000
2 0.484250 0.032667 0.072500 0.042000
2 0.727750 0.473667 0.066000 0.046000
2 0.861250 0.150000 0.067000 0.042000
2 0.662000 0.617167 0.067000 0.055667
2 0.377000 0.654833 0.045000 0.088333
2 0.545125 0.634333 0.045750 0.086000
2 0.568500 0.370500 0.051000 0.067667
1 0.264500 0.408000 0.034500 0.054667
1 0.469750 0.201500 0.024000 0.027000
