0 0.100750 0.597333 0.201000 0.226667
0 0.341125 0.694167 0.194250 0.257000
0 0.149125 0.464000 0.297750 0.328000
0 0.417625 0.544500 0.315250 0.437667
0 0.584625 0.335500 0.307250 0.473000
0 0.515250 0.915500 0.209000 0.169000
0 0.307250 0.919833 0.226500 0.160333
2 0.053625 0.969333 0.054750 0.061333
2 0.134250 0.623667 0.045000 0.088000
2 0.021250 0.388000 0.042000 0.105333
2 0.498000 0.676333 0.077500 0.103333
2 0.469375 0.181667 0.071750 0.101333
2 0.492750 0.896833 0.102500 0.092333
2 0.373000 0.982833 0.035500 0.034333
2 0.279000 0.685833 0.065500 0.090333
1 0.091500 0.582333 0.024000 0.042000
