0 0.387375 0.664667 0.217750 0.370000
0 0.511625 0.466667 0.312750 0.466667
0 0.684625 0.330000 0.386250 0.417333
0 0.051875 0.434833 0.103250 0.407667
0 0.179875 0.323500 0.200750 0.451667
0 0.278625 0.289167 0.158250 0.223667
0 0.227750 0.087833 0.130500 0.175000
2 0.300000 0.053333 0.084500 0.106000
2 0.530250 0.039333 0.056500 0.078000
2 0.754000 0.039667 0.057500 0.058000
2 0.600000 0.312833 0.073500 0.103000
2 0.445875 0.464000 0.058750 0.091333
2 0.336250 0.541833 0.089500 0.111667
2 0.288625 0.217667 0.057250 0.082667
