0 0.225750 0.556333 0.223500 0.364667
0 0.245125 0.869833 0.195750 0.260333
0 0.293875 0.216333 0.101750 0.432000
0 0.390375 0.403333 0.136250 0.533333
0 0.544250 0.205333 0.167000 0.238667
0 0.657625 0.382833 0.153250 0.327000
0 0.821375 0.357500 0.219250 0.425000
0 0.689000 0.103833 0.256500 0.207000
0 0.626250 0.706500 0.200000 0.327000
0 0.811375 0.619833 0.157250 0.222333
0 0.474500 0.884333 0.206500 0.226667
2 0.429000 0.819833 0.073500 0.085000
2 0.519375 0.263833 0.057250 0.065667
2 0.788375 0.244500 0.067750 0.123667
2 0.701500 0.857500 0.046000 0.076333
2 0.449125 0.894500 0.042750 0.053667
2 0.581750 0.321333 0.079000 0.105333
