0 0.214875 0.631667 0.217750 0.306667
0 0.304750 0.276833 0.225000 0.317000
0 0.339125 0.492500 0.253250 0.159000
0 0.417750 0.799500 0.170000 0.401000
0 0.567750 0.768333 0.170000 0.463333
0 0.734625 0.812833 0.179750 0.374333
0 0.495625 0.180167 0.138750 0.295667
0 0.574500 0.149667 0.158000 0.298667
0 0.647125 0.414500 0.151750 0.250333
0 0.735500 0.333167 0.162000 0.471000
0 0.888250 0.239167 0.213000 0.465667
2 0.220875 0.738000 0.055750 0.080667
2 0.371375 0.490833 0.030750 0.069667
2 0.325750 0.308167 0.065500 0.104333
2 0.520125 0.215167 0.049250 0.071000
2 0.602750 0.375167 0.058000 0.088333
2 0.768500 0.490333 0.067000 0.060000
2 0.867750 0.038667 0.062000 0.066667
2 0.707625 0.683833 0.082250 0.058333
2 0.435875 0.780500 0.033750 0.101000
2 0.599875 0.729000 0.042750 0.098667
1 0.308500 0.476833 0.043500 0.061000
1 0.496375 0.170833 0.024250 0.043000
