0 0.358000 0.509667 0.212000 0.412667
0 0.223875 0.224167 0.167750 0.261000
0 0.370500 0.179500 0.213000 0.193667
0 0.543125 0.499833 0.141750 0.376333
0 0.692250 0.603167 0.166000 0.316333
0 0.953875 0.269833 0.092250 0.363667
0 0.812875 0.264500 0.123250 0.361000
0 0.705625 0.285000 0.142750 0.210667
0 0.618500 0.089333 0.123500 0.178000
0 0.700375 0.096333 0.116250 0.192000
2 0.410875 0.431167 0.041750 0.081667
2 0.587375 0.475833 0.032250 0.087000
2 0.708875 0.497833 0.084750 0.079667
2 0.212125 0.297167 0.055750 0.046333
2 0.414875 0.206333 0.046750 0.077333
2 0.408750 0.061333 0.081500 0.064667
2 0.619000 0.095167 0.056500 0.031000
2 0.814875 0.388667 0.069250 0.044000
2 0.675750 0.237667 0.044500 0.058000
1 0.615250 0.051000 0.031500 0.026667
1 0.357250 0.172667 0.038000 0.042000
