0 0.061750 0.176833 0.121000 0.207667
0 0.198000 0.831667 0.313000 0.268000
0 0.096750 0.579500 0.188000 0.288333
0 0.292375 0.684333 0.211250 0.298000
0 0.458375 0.700500 0.159750 0.179667
0 0.562000 0.564000 0.331500 0.168667
0 0.703500 0.314000 0.229000 0.314000
0 0.510375 0.120833 0.234750 0.229000
0 0.354875 0.185500 0.115250 0.164333
0 0.191875 0.341333 0.176750 0.394667
0 0.285125 0.255833 0.182250 0.288333
0 0.460000 0.400500 0.314500 0.153667
0 0.495125 0.292500 0.195750 0.137667
2 0.214875 0.620333 0.061250 0.094667
