0 0.206375 0.653333 0.212250 0.394667
0 0.266125 0.275333 0.283250 0.350667
0 0.391500 0.111500 0.172500 0.222333
0 0.509250 0.234500 0.163000 0.468333
0 0.464500 0.738667 0.380000 0.256000
0 0.578625 0.647833 0.288750 0.330333
0 0.772875 0.594500 0.261250 0.327000
0 0.864125 0.339833 0.174250 0.281667
0 0.741125 0.148333 0.208750 0.217333
0 0.694000 0.357500 0.264500 0.388333
0 0.874875 0.696833 0.236250 0.193667
2 0.480250 0.667667 0.051500 0.036667
2 0.460500 0.600000 0.097500 0.098667
2 0.823750 0.754333 0.047000 0.054667
2 0.771375 0.256833 0.067750 0.109667
2 0.689875 0.184333 0.069250 0.059333
2 0.569750 0.823167 0.071000 0.104333
