0 0.259250 0.611333 0.122500 0.289333
0 0.433500 0.381667 0.172500 0.301333
0 0.402000 0.580500 0.208000 0.223667
0 0.600000 0.431167 0.104000 0.275000
0 0.661625 0.401000 0.127250 0.391333
0 0.384625 0.830167 0.176750 0.339667
0 0.550375 0.858667 0.140250 0.282667
0 0.664875 0.944667 0.117750 0.110667
0 0.672875 0.708000 0.104750 0.235333
0 0.760500 0.691333 0.081500 0.391333
0 0.921500 0.700500 0.157000 0.416333
2 0.254875 0.708500 0.042750 0.053667
2 0.423750 0.604833 0.034000 0.067667
2 0.428625 0.431667 0.072750 0.078667
2 0.602750 0.483333 0.050000 0.033333
2 0.639875 0.245167 0.051750 0.049667
2 0.755125 0.840333 0.061250 0.052667
2 0.931375 0.545667 0.057250 0.046000
2 0.644750 0.657000 0.043500 0.077333
2 0.419750 0.873500 0.048500 0.104333
2 0.561625 0.934333 0.040250 0.103333
1 0.377875 0.555333 0.038750 0.050667
1 0.598000 0.423667 0.027500 0.036667
2 0.663625 0.964000 0.065250 0.072000
