0 0.146375 0.743500 0.187250 0.311000
0 0.173750 0.345667 0.219500 0.351333
0 0.381750 0.369333 0.142000 0.179333
0 0.375375 0.138667 0.229250 0.178667
0 0.716125 0.127833 0.286250 0.157000
0 0.409250 0.828500 0.314500 0.244333
0 0.586625 0.849333 0.196750 0.217333
0 0.717250 0.717667 0.113000 0.340667
0 0.880375 0.724167 0.239250 0.383667
0 0.845750 0.472500 0.308500 0.181667
0 0.832625 0.289667 0.280750 0.194667
0 0.337875 0.537500 0.121750 0.148333
0 0.518125 0.597333 0.196750 0.130000
0 0.601125 0.322500 0.204750 0.281667
2 0.746750 0.601667 0.047500 0.100000
