0 0.464875 0.246833 0.125750 0.334333
0 0.695125 0.183833 0.095750 0.348333
0 0.620875 0.328333 0.186250 0.319333
0 0.848750 0.372000 0.059500 0.314000
0 0.458375 0.598833 0.316250 0.327000
0 0.604375 0.781167 0.261250 0.358333
0 0.718875 0.904833 0.166250 0.190333
0 0.829875 0.670333 0.134750 0.242000
0 0.941875 0.393500 0.087750 0.421667
0 0.916500 0.743500 0.148500 0.409667
2 0.430625 0.331167 0.049250 0.058333
2 0.691500 0.233833 0.066000 0.076333
2 0.631875 0.382667 0.048250 0.058000
2 0.541500 0.623000 0.071000 0.082667
2 0.663375 0.800500 0.061250 0.093667
2 0.745875 0.902167 0.063750 0.101000
2 0.877000 0.868833 0.061500 0.081667
2 0.828250 0.605333 0.046000 0.098667
2 0.951125 0.233833 0.066250 0.072333
2 0.844625 0.423167 0.053250 0.067667
1 0.602375 0.301000 0.037750 0.058000
1 0.860125 0.363500 0.024250 0.041000
