0 0.235875 0.501000 0.130750 0.273333
0 0.414500 0.315000 0.144500 0.275333
0 0.378625 0.486667 0.198250 0.214000
0 0.588250 0.375333 0.080500 0.238667
0 0.656875 0.371500 0.104750 0.353667
0 0.749500 0.631167 0.100000 0.361000
0 0.906375 0.654833 0.150750 0.387000
0 0.629375 0.902667 0.138750 0.194667
0 0.323375 0.773667 0.192750 0.379333
0 0.506000 0.825333 0.151500 0.349333
2 0.638625 0.868833 0.071750 0.092333
2 0.235000 0.585333 0.048500 0.042000
2 0.408500 0.516167 0.035500 0.073000
2 0.420125 0.361833 0.060250 0.067667
2 0.597125 0.425167 0.056250 0.035667
2 0.639000 0.218833 0.050000 0.037667
2 0.729500 0.756333 0.050000 0.050667
2 0.926250 0.515500 0.063000 0.050333
2 0.629000 0.576833 0.033000 0.067667
2 0.533875 0.822500 0.044250 0.099000
2 0.391875 0.754833 0.047750 0.088333
1 0.365250 0.468333 0.030000 0.044000
1 0.587750 0.371500 0.025000 0.039667
