0 0.246375 0.299500 0.198250 0.265667
0 0.281875 0.532833 0.196750 0.237667
0 0.370500 0.667167 0.129000 0.321667
0 0.447500 0.397833 0.196000 0.344333
0 0.505625 0.299000 0.170250 0.275333
0 0.561250 0.203167 0.122000 0.183000
0 0.425375 0.078167 0.206250 0.155667
0 0.670125 0.100167 0.173250 0.199667
0 0.875375 0.252000 0.206250 0.300000
0 0.694250 0.276333 0.204000 0.120667
0 0.779500 0.521500 0.279000 0.193667
0 0.513250 0.885000 0.280500 0.230000
0 0.567000 0.708500 0.218500 0.288333
0 0.717375 0.692333 0.153250 0.170000
0 0.690750 0.394667 0.208000 0.112000
2 0.490250 0.670333 0.067000 0.082667
