0 0.230250 0.830167 0.205000 0.339667
0 0.152375 0.561167 0.199250 0.232333
0 0.121250 0.340333 0.214500 0.226667
0 0.331000 0.153167 0.255000 0.304333
0 0.470125 0.179500 0.091250 0.277667
0 0.683125 0.163333 0.113750 0.314000
0 0.835750 0.122167 0.314500 0.243667
0 0.466500 0.737667 0.169500 0.352667
0 0.381000 0.465000 0.145000 0.240000
0 0.682625 0.547167 0.241750 0.243000
0 0.695875 0.783833 0.286250 0.251667
0 0.925625 0.746833 0.148750 0.353667
0 0.949625 0.402500 0.096750 0.257000
0 0.742750 0.363333 0.210500 0.116000
2 0.454875 0.609667 0.078250 0.058000
2 0.163625 0.919333 0.026750 0.062667
2 0.167750 0.335000 0.054000 0.072000
2 0.335500 0.280000 0.026500 0.042000
2 0.453500 0.235833 0.064500 0.057000
2 0.656750 0.216667 0.077500 0.082667
2 0.679750 0.375833 0.059000 0.067667
2 0.643500 0.846667 0.063500 0.044000
2 0.858500 0.468833 0.063000 0.071000
2 0.993500 0.377333 0.012000 0.058000
2 0.916125 0.024833 0.063750 0.049000
2 0.658875 0.534333 0.057250 0.064667
1 0.466125 0.176833 0.029750 0.037667
1 0.743625 0.331167 0.042750 0.060333
