0 0.431875 0.691833 0.217750 0.274333
0 0.149875 0.569167 0.299250 0.257000
0 0.248000 0.603667 0.166000 0.330000
0 0.128250 0.569833 0.189500 0.357000
0 0.061250 0.313833 0.122000 0.243000
0 0.204375 0.172000 0.203250 0.294667
0 0.438375 0.094500 0.296750 0.176333
0 0.402375 0.317833 0.326750 0.229000
0 0.506375 0.825333 0.349250 0.214000
0 0.764000 0.785333 0.179000 0.347333
0 0.843500 0.468333 0.234500 0.403333
0 0.633000 0.386000 0.225000 0.215333
0 0.602875 0.587500 0.096750 0.246333
2 0.165625 0.552167 0.054750 0.037667
2 0.192375 0.497833 0.054750 0.094333
2 0.572500 0.386000 0.059000 0.077333
2 0.369750 0.819833 0.037000 0.046333
2 0.782125 0.673167 0.063750 0.099000
2 0.841125 0.331167 0.076750 0.045000
2 0.591500 0.479000 0.045000 0.084667
2 0.147500 0.697833 0.088000 0.043000
