0 0.220125 0.479000 0.294250 0.250667
0 0.093000 0.749500 0.185500 0.232333
0 0.203625 0.648500 0.280750 0.157000
0 0.443500 0.425333 0.159000 0.222667
0 0.521000 0.357500 0.217000 0.327667
0 0.317250 0.867833 0.185500 0.251667
0 0.511625 0.835500 0.190250 0.318333
0 0.677750 0.887167 0.171000 0.213000
0 0.613750 0.617833 0.168500 0.190333
0 0.725000 0.557500 0.189500 0.386333
0 0.906375 0.471500 0.187250 0.435667
2 0.227375 0.511333 0.076750 0.078667
2 0.085000 0.830667 0.051500 0.052667
2 0.273250 0.659000 0.039500 0.066667
2 0.564500 0.584500 0.062000 0.076333
2 0.462000 0.461333 0.060500 0.045333
2 0.436250 0.242500 0.073500 0.067667
2 0.760000 0.679500 0.072500 0.036333
2 0.904000 0.343000 0.080000 0.058000
2 0.679750 0.832833 0.081500 0.048333
2 0.343875 0.884333 0.040250 0.089333
2 0.546750 0.855833 0.046000 0.092333
1 0.202500 0.642833 0.039500 0.043000
1 0.441875 0.416000 0.029750 0.030000
